001	18196,0	333056,9	150,8m Oberfläche	150,8m Gelände
002	18112,6	335808,4	163,4m Oberfläche	151,8m Gelände
003	16028,1	336697,8	158,8m Oberfläche	154,4m Gelände
004	15778,0	333946,3	151,7m Oberfläche	151,7m Gelände
005	13665,7	335586,1	152,9m Oberfläche	152,9m Gelände
006	15277,7	338254,2	151,5m Oberfläche	151,1m Gelände
007	15527,8	341089,1	156,6m Oberfläche	156,6m Gelände
008	16139,3	343785,1	158,6m Oberfläche	155,4m Gelände
009	15666,8	346536,6	157,7m Oberfläche	157,7m Gelände
010	13387,8	347815,1	158,5m Oberfläche	158,5m Gelände
011	12303,8	350399,8	158,6m Oberfläche	158,6m Gelände
012	10302,7	348787,8	163,2m Oberfläche	163,2m Gelände
013	8023,7	350316,4	162,8m Oberfläche	162,8m Gelände
014	7857,0	353123,5	186,5m Oberfläche	186,5m Gelände
015	5216,6	353206,9	241,0m Oberfläche	241,0m Gelände
016	3298,9	351122,4	164,4m Oberfläche	164,4m Gelände
017	1158,8	350233,1	162,0m Oberfläche	162,0m Gelände
018	-1092,4	348704,4	464,3m Oberfläche	446,1m Gelände
019	-3427,0	347620,5	460,5m Oberfläche	456,8m Gelände
020	-4955,7	345619,4	351,3m Oberfläche	351,0m Gelände
021	-7651,6	346091,9	467,9m Oberfläche	464,3m Gelände
022	-10208,6	345452,6	311,1m Oberfläche	311,0m Gelände
023	-10542,1	342784,5	446,5m Oberfläche	439,6m Gelände
024	-9708,3	340616,6	265,8m Oberfläche	248,1m Gelände
025	-10375,3	338143,1	343,7m Oberfläche	343,7m Gelände
026	-10097,4	335085,8	320,6m Oberfläche	316,6m Gelände
027	-7457,0	333112,5	283,6m Oberfläche	264,8m Gelände
028	-4983,5	332723,4	248,3m Oberfläche	243,1m Gelände
029	-2037,4	331528,3	221,1m Oberfläche	221,0m Gelände
030	464,0	332890,2	194,4m Oberfläche	194,4m Gelände
031	2993,2	332084,2	192,6m Oberfläche	192,5m Gelände
032	5994,8	331306,0	190,1m Oberfläche	190,1m Gelände
033	7495,6	333251,5	176,8m Oberfläche	176,8m Gelände
034	9830,3	334113,1	170,6m Oberfläche	170,5m Gelände
035	11692,4	335363,7	155,2m Oberfläche	155,0m Gelände
036	17000,9	334807,9	164,4m Oberfläche	152,5m Gelände
037	14888,6	336531,1	160,7m Oberfläche	151,4m Gelände
038	14110,4	339755,1	nodata
039	14527,3	342756,7	156,0m Oberfläche	156,0m Gelände
040	13999,2	344869,0	nodata
041	11497,8	346814,5	nodata
042	7995,9	347703,9	nodata
043	5911,4	351428,2	nodata
044	3159,9	348787,8	163,8m Oberfläche	163,8m Gelände
045	5828,1	348732,2	nodata
046	1409,0	347592,7	307,6m Oberfläche	306,8m Gelände
047	-1092,4	346453,2	304,5m Oberfläche	299,2m Gelände
048	-2537,7	344229,7	nodata
049	-6706,6	343257,0	nodata
050	-8596,6	344118,6	372,1m Oberfläche	349,0m Gelände
051	-6790,0	340950,2	nodata
052	-7707,2	338810,1	nodata
053	-7985,1	336920,2	nodata
054	-5928,4	335224,8	nodata
055	-3037,9	334585,5	233,3m Oberfläche	219,2m Gelände
056	-258,6	335530,5	nodata
057	2159,4	334613,3	199,6m Oberfläche	190,1m Gelände
058	4827,5	334029,7	199,7m Oberfläche	199,6m Gelände
059	7690,2	335808,4	nodata
060	10386,1	337253,7	nodata
061	12887,5	337892,9	nodata
062	12248,3	341700,6	nodata
063	11553,4	344229,7	nodata
064	9385,6	345480,4	nodata
065	6022,6	346258,6	nodata
066	3465,6	346453,2	nodata
067	1381,2	345230,3	nodata
068	-4483,2	342423,2	nodata
069	-5344,8	339366,0	nodata
070	-5622,7	337420,4	nodata
071	-2204,1	337086,9	nodata
072	1547,9	336948,0	nodata
073	3965,9	336447,7	nodata
074	7912,5	338476,6	nodata
075	11470,1	339699,5	nodata
076	9691,3	342451,0	nodata
077	7356,7	344285,3	nodata
078	-8,5	343229,2	nodata
079	-3037,9	339115,8	nodata
080	-2148,6	341589,4	nodata
081	-314,2	338754,5	nodata
082	3076,5	338782,3	nodata
083	5883,6	337559,4	nodata
084	8968,7	340366,5	nodata
085	5327,8	344313,1	nodata
086	2882,0	343062,4	nodata
087	964,3	341061,3	nodata
088	3827,0	340922,4	nodata
089	6217,2	339977,4	nodata
090	7134,3	341922,9	nodata
091	5133,2	342228,6	nodata

